-6 -4 -4 -4 -4 -16 -4 -4 -4 -4 -4 -4 -4 -4 -4 -16 -4 -4 -4 -4 -2
-11 2 2 2 2 -11 2 2 2 2 2 2 2 2 2 -11 2 2 2 2 -11
-11 3 -12 -8 2 -14 2 -12 -4 -4 -4 -4 -4 -8 2 -14 2 -12 -8 3 -11
-11 2 2 2 2 2 2 2 2 2 2 2 2 2 2 2 2 2 2 2 -11
-13 -8 2 -10 2 -12 -8 2 -12 -4 -4 -4 -8 2 -12 -8 2 -10 2 -12 -9
2 2 2 -11 2 2 2 2 2 2 2 2 2 2 2 2 2 -11 2 2 2
-4 -2 2 -13 -4 -4 -8 2 -6 -4 -4 -4 -2 2 -12 -4 -4 -9 2 -6 -4
0 -11 2 2 2 2 2 2 -11 0 0 0 -11 2 2 2 2 2 2 -11 0
-4 -9 2 -6 -4 -4 -8 2 -13 -4 -4 -4 -9 2 -12 -4 -4 -2 2 -13 -4
2 2 2 -11 2 2 2 2 2 2 4 2 2 2 2 2 2 -11 2 2 2
-6 -8 2 -14 2 -10 2 -10 2 -12 -4 -8 2 -10 2 -10 2 -14 2 -12 -2
-11 2 2 2 2 -11 2 -14 2 2 2 2 2 -14 2 -11 2 2 2 2 -11
-11 2 -20 -17 2 -11 2 2 2 -20 -1 -17 2 2 2 -11 2 -20 -17 2 -11
-11 3 -19 -18 2 -13 -4 -8 2 -19 -5 -18 2 -12 -4 -9 2 -19 -18 3 -11
-11 2 2 2 2 2 2 2 2 2 2 2 2 2 2 2 2 2 2 2 -11
-13 -4 -4 -4 -4 -4 -4 -4 -4 -4 -4 -4 -4 -4 -4 -4 -4 -4 -4 -4 -9