
[[[0.6036843685017934], [-0.4981216808767255], [0.9150399216812313], [0.10772396548746266], [0.8819651957740591]]]

[[[0.5050415565395953], [-0.5894018236021813], [0.8022497402862263], [0.010793118717662637], [0.7511692259648614]]]


Pesos antes

[

[
[0.009291877242879387, -0.9951147922523249, 0.08905839012024352, -0.15405719243715832, 0.9174549957969651], 
[-0.8001749047430002, 0.6196351179863628, 0.4978160737825592, -0.6339024012446859, 0.6613399652927408]
],
 
[
[0.6036843685017934], 
[-0.4981216808767255], 
[0.9150399216812313], 
[0.10772396548746266], 
[0.8819651957740591]
]

]



Pesos despues

[

[
[-0.002010775235626007, -0.9836765231773746, 0.07128417909526012, -0.15484887885341708, 0.9030062334256866], 
[-0.8054867180894115, 0.6246061276004164, 0.4896770366138337, -0.6343067337112586, 0.6544588657035174]
], 

[
[0.5050708190883728], 
[-0.5894041093023137], 
[0.8022943951573912], 
[0.010807595544328807], 
[0.7512095806079752]
]

]